3552
1810
1441
775
2153
2642
423
638
1734
3988
1938
2877
1803
736
2525
2679
2872
3487
717
2164
2310
1610
705
3141
79
276
3135
2856
2059
47
2036
1003
689
257
3548
1512
928
2874
1674
935
753
3534
3659
1028
1454
1126
734
1738
254
884
2254
3320
513
1702
3508
663
649
1013
2742
78
2209
1907
3204
2473
1955
3439
334
1775
1603
2351
3165
76
3278
3455
1934
440
3265
1865
671
393
229
3670
15
1932
1511
0
3200
3600
923
1033
28
974
862
3701
1805
2647
3432
1346
1330
3019
660
2797
2104
898
1818
1035
709
1170
2284
1905
2470
835
3420
2403
812
3241
3635
1657
137
2993
2315
1904
772
2168
2735
577
1300
1868
2189
466
149
1122
1113
3227
1079
3736
2916
1969
2415
1943
3228
2018
3313
793
3585
2501
2205
3788
3395
900
1643
1313
2550
764
2814
358
362
360
987
2248
2807
3547
1745
2145
2026
3388
1222
309
386
3335
666
2573
888
1881
3224
961
95
1887
1076
2281
2959
2839
1072
3385
1054
1637
834
163
2152
477
1707
2909
1741
304
2498
763
2643
1302
85
2703
3976
2139
2890
273
3582
2046
3344
2207
3297
1601
3369
2562
2520
3647
3760
1551
3324
2590
3812
2412
3577
3599
3037
1402
1840
2010
2646
171
2803
1064
2372
2338
317
3161
2941
2500
2129
3179
1908
1279
730
2006
1404
696
3415
558
2389
1311
2063
3539
3718
2786
688
2311
2553
662
194
2296
288
3987
3515
1816
3524
1295
1445
3212
42
3025
456
3458
1648
2440
3614
677
3758
3207
1723
2715
3964
3433
1091
1854
1121
3747
1979
3336
895
3653
1798
155
2091
2458
367
2140
1555
2779
2584
683
1436
206
221
2997
1438
3511
175
27
1582
628
3664
3546
2463
3557
2850
2522
2034
1266
2313
2242
1712
840
877
3036
188
1785
1632
1793
2252
954
2344
590
3700
1962
679
2970
2493
700
1340
231
1667
3613
2523
3587
131
2588
970
2228
2366
275
1560
1171
1235
1021
3561
1713
3531
525
1219
2624
1375
174
315
1820
253
478
442
3795
3351
815
798
3594
3396
2167
3418
3757
1042
1812
776
2456
347
1036
3913
366
482
2785
3318
3708
2125
2187
216
2548
2727
2022
2578
3142
1105
3162
3186
631
3828
1464
1365
1038
1776
3219
148
2162
707
2752
2435
1505
2658
3564
728
201
3405
1106
2569
2527
139
2172
293
3827
3327
3917
3256
2179
828
3915
90
119
848
510
2716
1168
3166
1067
1645
2436
3903
2277
53
3869
3400
3123
3003
986
2973
945
1748
365
3238
2126
3762
2426
1352
2251
3312
3845
2388
2821
2118
3949
1199
1417
2181
2097
1281
1945
1758
1626
2377
1108
1930
676
1231
1919
2704
2370
320
2842
3852
1836
1753
1348
3971
871
528
2309
1082
1424
1586
938
3062
2881
3214
1481
3404
1099
2049
3209
270
1604
3881
1971
2475
307
2249
2864
2483
474
1290
1607
902
2206
2532
3049
2724
33
965
2072
1184
3084
3597
433
223
2323
1778
58
1988
2224
141
3438
1654
1343
1858
1935
3446
1068
1597
2102
3030
2084
2536
356
2539
1421
2141
791
3947
3289
1328
942
2854
1589
3870
3375
1716
1488
2798
1477
1711
1345
2790
3464
1613
2862
858
916
3967
3340
2613
3126
2878
1233
1385
72
3078
333
1350
953
652
2474
1871
2331
2267
2801
2627
289
3472
1989
429
616
243
3251
1662
2531
250
2688
801
2756
2623
193
1267
1766
3231
3590
1779
1469
82
2423
3081
1046
3684
2904
1444
3113
548
233
641
1576
2274
3880
370
2747
3640
554
1133
2575
1419
26
3234
25
2387
1148
1287
2950
669
3960
3192
2155
2367
1923
3221
2185
3745
901
2320
2282
841
541
480
348
1162
1226
99
2479
2958
1305
1016
2966
3127
1306
3063
1498
2729
22
3725
2534
2028
1985
3986
1866
3893
2875
1641
1242
2454
3796
3398
3203
1735
3596
2739
3663
3885
3146
1669
592
971
964
3572
2358
281
207
1675
329
3349
2521
214
1689
3363
3731
1767
1624
2324
1528
2711
2579
1900
261
2414
2952
383
290
183
3276
3175
3480
2482
1683
1104
959
737
2180
146
1156
1885
723
3285
1207
3332
1756
84
578
3891
3101
349
142
2995
3809
804
3844
1107
3525
2364
2422
3767
1010
1620
1195
3197
2217
1399
3258
63
3069
715
1200
1014
1653
2193
3840
751
2404
3565
3549
3132
544
251
3468
2192
441
262
618
3356
2466
3896
378
3024
668
2533
105
1666
2644
892
2740
1232
1543
3495
1901
3094
2015
1096
2278
1259
3051
940
3496
2887
2511
1937
303
1167
3823
1652
1218
2632
350
2702
958
1994
2382
1163
3817
2085
1157
2186
75
3059
3229
234
2413
604
3068
718
1188
3623
376
2345
68
1495
3012
1841
2572
3301
2158
1392
1660
1292
1007
3772
3422
1101
2852
2258
282
599
1280
301
2540
3646
2066
2586
1474
1114
1187
2429
2319
3250
2373
2053
3159
1951
2214
1999
1960
3360
3054
3140
1308
2390
2633
2944
55
524
2086
2147
3783
3532
796
906
3813
570
1244
3236
1211
1687
1722
213
3839
2650
2381
2955
1532
3040
2056
1639
1378
77
2124
157
994
2142
2693
1092
3579
2738
2956
128
3366
3603
1205
632
1069
2503
2701
3015
656
1093
2352
2208
3373
3980
1015
1270
2287
3302
1331
2589
2710
891
1523
593
1062
2112
1491
1765
209
3180
600
3750
3841
2057
2848
3056
1697
1629
1265
3328
235
2343
767
295
1448
1755
2127
1050
608
1409
338
2233
3178
3936
113
3759
819
1354
3449
1135
3223
2791
720
1664
3424
1829
1137
2619
2400
3288
2175
248
1864
1253
572
2776
1513
887
2265
120
411
2969
3303
2962
1197
1593
1503
981
3191
547
640
2750
1903
363
1531
3919
1581
2960
3787
3871
2660
1370
1151
1140
83
1878
824
1855
3416
1283
1030
1703
918
3286
3093
3217
3122
1177
2043
3910
1940
1833
1977
1790
3873
269
351
3370
3338
3959
1428
1418
919
3857
908
3889
461
1742
2237
203
2813
3296
2293
2009
860
3802
2169
3726
3246
37
3182
277
1822
3716
2828
3824
3540
2732
2730
1650
2983
1718
2547
2271
2379
3859
3248
1364
1525
3277
2211
2229
3710
722
3343
3021
91
1876
1621
2968
2488
777
286
2407
1426
3651
2758
2012
3105
389
1119
3620
3041
2219
843
3836
2830
2039
1194
3719
3022
984
397
1066
2620
97
2804
650
2891
2822
2560
2420
2011
1913
24
3669
222
3800
1623
1698
3636
3361
3315
3530
1506
3055
3399
733
805
1435
1959
1401
3732
1852
1051
1180
124
374
1844
379
3894
3273
3341
615
1553
3822
1112
2438
2121
1258
917
81
3304
3482
3145
1465
1690
1398
144
2922
1677
1578
685
19
3316
576
630
759
3555
1569
1425
1953
859
2201
377
2811
2694
2964
3730
368
2824
2982
2428
988
3908
3167
2838
394
2707
2857
3740
2235
1895
2921
2760
327
1109
2401
3421
3927
3989
3153
2937
415
140
1339
3459
3643
3397
2496
1990
1794
3061
3098
1489
65
1058
3843
2299
3086
647
3048
3978
195
2963
1395
1740
1442
294
3834
2005
319
2041
460
2298
1169
339
659
2990
1998
2683
236
2544
792
41
1103
1552
3785
2119
1018
306
3704
978
802
3264
526
658
227
2789
1026
215
413
1136
3830
2288
432
867
1059
1976
506
2665
384
336
402
2073
509
1268
2472
3630
2863
3901
2464
520
410
111
1680
729
598
272
1914
926
238
770
3743
2109
3321
3899
3008
2558
3171
2397
853
543
152
2906
2859
617
487
2524
1633
1186
3210
2552
754
2976
2204
2927
2050
2961
1870
2935
1296
3637
2933
3392
2256
3152
2985
305
690
182
158
2938
1596
2218
3705
3920
3826
1118
3103
3510
2171
299
3793
3694
3676
686
418
2113
3491
1973
3401
3331
2069
2757
3333
1249
1853
162
3688
2601
1393
2940
3851
2630
2518
3058
3252
2150
2306
3314
479
2071
2234
395
1747
107
2831
451
1262
322
542
1918
2992
3930
3489
371
2210
561
2107
2893
1124
2806
1158
1926
1061
3437
1333
3763
323
1516
993
385
3764
3270
2087
1682
2809
2033
3239
2994
3879
3804
3154
3329
2717
2131
952
3080
699
3374
3983
279
3545
2013
1000
1630
3527
2174
1665
2114
2908
1583
2363
1539
2076
1744
2795
929
1497
1053
1174
1411
94
531
3591
62
1143
1451
1315
653
2825
2241
991
2328
2555
1146
992
2231
3727
266
579
1432
1777
1566
1609
3626
1685
3729
2772
1349
406
3014
3284
2598
2782
2799
601
3097
1759
2392
1514
1077
881
455
189
3751
2668
3872
3977
3007
2065
200
452
2913
2374
2819
1075
2722
1893
1254
1243
32
2029
2295
766
150
3494
2505
1658
3453
2967
1486
695
3151
1771
2640
1470
2563
118
80
960
3506
1704
3721
308
2430
2115
169
1310
344
1508
3662
2225
1726
1403
957
1415
1761
2951
969
1387
2840
2090
1369
3940
3201
2979
1204
2384
739
2948
2383
3887
1845
2652
885
2984
2999
3562
3026
504
527
3753
2868
3430
1906
3454
3703
3542
2329
3077
2016
595
218
1274
3738
1768
752
184
673
814
3513
1362
2835
1141
787
872
922
813
2823
950
1284
1638
435
3886
70
1941
3686
341
523
3383
3544
2689
2132
2931
3884
1400
3448
1285
1547
3503
3130
1210
3835
1519
842
2378
512
330
126
1297
982
3406
620
284
897
1676
3032
1494
2943
2605
1981
584
3481
176
3914
1410
2216
2322
1347
1921
73
3945
3488
2699
983
2051
1889
1251
3254
187
2130
621
3183
2802
2796
3160
2680
1490
2418
955
2734
1414
1073
3892
3679
635
933
1819
255
2199
2002
136
3215
2661
3174
2907
2060
1644
2144
2354
876
3863
3444
3079
3625
562
2259
687
924
875
412
2504
3979
1647
403
748
1857
3850
3560
3281
3811
2353
629
3961
2510
2398
1963
1423
3386
2302
1220
110
1788
1390
3628
1565
1826
1055
3791
2918
1874
2040
310
3039
135
3689
3384
1293
1102
623
2019
3559
2355
1116
2888
3605
2100
285
1492
3535
1898
3755
3925
39
636
551
1132
3362
2816
1206
2628
102
1584
1127
1974
2871
3121
515
913
3148
1090
1484
1209
1098
3944
2495
1602
398
3176
596
3538
3402
856
264
1437
996
1089
2116
3083
1995
1460
1504
2678
2954
909
121
2064
2656
3982
2736
1727
2543
64
1439
2045
2146
637
7
287
2923
1760
3106
3615
3353
1185
3573
3193
247
2925
1537
2896
225
1095
2934
2655
1856
3606
1875
973
3102
3326
672
2212
1873
3445
614
446
3144
2031
622
2148
481
3111
1618
1276
857
3451
1366
2101
1846
2965
3074
3563
1611
3071
192
2195
364
1413
1071
3442
3372
2462
426
1019
2607
1965
3484
2154
1377
2980
925
388
1230
2008
1928
2930
1459
271
2542
2611
1110
1796
3473
1088
414
553
1338
1558
1483
325
713
3888
3756
3292
3119
2920
1517
2020
1950
3434
2844
425
444
1817
3479
1248
565
2494
633
342
1695
2427
2202
2035
2342
2108
2317
3010
3864
727
1862
160
3690
3739
1152
2745
2718
823
2928
1600
968
1709
1809
2622
2636
29
496
1294
2220
1982
829
904
2663
3075
2697
2200
2157
3034
3790
2032
2513
2283
2508
2339
2380
1659
1910
1159
3136
2884
1040
1006
1384
2690
3295
69
3541
2723
2753
3184
1420
2991
2136
60
726
3476
2645
1634
302
2867
972
3837
559
3348
2981
943
1301
2110
1622
500
2365
1047
1577
3456
2675
1334
1074
1964
3956
3108
179
963
2616
3744
1376
2491
1382
1606
2615
2077
1407
594
2246
3266
1252
3749
2748
3477
1371
3627
2481
2996
3504
3952
3290
1229
3842
2670
117
357
2075
3921
2593
2565
1443
1408
100
2096
3598
470
3225
1574
1799
706
3244
2737
3533
291
1450
555
3792
1888
3797
1561
373
1329
3780
3417
2885
2595
1892
3634
3832
2335
1182
1671
3143
2239
2433
2882
2677
701
1880
2771
773
2098
1085
3825
3878
3678
326
2880
1789
2777
2805
2876
1535
421
3319
2698
883
3116
1668
979
1699
1149
196
3509
3330
3810
1446
1757
2731
109
2105
2089
1849
941
3505
2515
3714
3029
2692
3617
2743
2484
3271
1022
740
585
372
3354
1320
2800
2266
1139
2123
1997
703
2117
3926
3005
1719
3798
3147
3554
3249
1750
780
2449
486
2903
1011
3345
949
428
1422
2621
154
430
1557
503
1729
3593
3661
989
40
2497
3364
3006
2001
816
2421
882
1815
1314
1739
3046
2273
3052
3621
2068
3018
2044
332
2269
1728
3485
3133
2411
2360
1316
1327
3016
1431
3279
3937
1554
2431
3702
104
762
2442
738
3260
355
1751
2576
493
2080
2653
1847
627
3413
2408
757
2685
1984
3523
3305
2614
838
46
1289
1263
1245
999
2733
462
3393
2851
597
3950
2227
3604
485
557
930
2977
1496
3712
2082
995
2245
1599
208
2556
3717
847
3294
2264
2744
3195
3414
1125
1203
1025
1572
1335
2602
1640
2424
57
3107
2156
138
375
202
910
1549
3765
2517
1181
1787
1894
2255
3588
1029
1499
519
2673
3261
220
914
1467
2855
2334
674
232
3933
657
684
863
1299
3838
2446
3311
1337
87
2250
3090
1044
2714
2399
817
1351
48
1594
2526
3697
3660
1762
2194
3518
692
3411
313
1247
1946
43
782
38
785
252
2514
3576
1663
458
3169
1924
2537
2546
2794
3202
324
490
783
2410
745
3946
2574
2832
3773
1154
3213
2749
1983
434
3047
3190
2528
3300
3874
2634
3650
1081
1588
566
2300
1191
2682
2638
3189
2751
975
1832
1954
1922
1466
2184
3652
2023
2037
1770
758
609
702
2221
874
1781
712
2919
2986
2330
619
2639
3752
469
3711
1917
1468
3377
878
765
517
920
3089
826
1357
2308
3082
1034
2451
1094
2215
3687
2042
3042
911
1201
2695
1317
1134
2321
1800
1264
1380
870
1749
1078
1548
3957
521
2047
746
1172
711
3586
3543
3955
2070
778
3644
3537
3775
1694
2226
1869
1801
1175
2333
2570
3441
1556
1478
2898
3339
1269
1807
1570
2901
153
3044
3668
1193
3521
345
3906
2894
3923
980
1627
784
3462
1
3307
1303
260
400
1471
489
159
3170
651
2285
185
3928
484
2093
2826
1724
2395
3031
3654
2094
3912
3177
190
2394
830
1273
2587
1100
1646
3470
624
1859
1795
3352
1183
1063
1693
873
1240
2957
568
518
2088
2873
2768
2350
3728
314
1381
501
2566
3198
3536
1462
66
2641
4
2120
3391
1356
962
1084
2434
3671
3
612
3168
3222
463
1772
3526
2176
127
1872
3309
3528
1510
538
337
125
2512
3205
92
1453
1238
3325
20
98
3467
1341
732
893
498
536
1502
1568
1487
2700
3262
2659
634
86
1344
2270
197
3789
2519
1060
1863
1927
818
698
3057
36
967
832
755
1736
2883
2591
1851
2275
3656
2268
2582
21
1083
3696
1212
2792
665
2135
3943
693
1142
589
2095
2461
540
3595
2568
927
1373
67
1536
3929
1684
2465
1178
427
3001
259
49
2774
1458
2286
3390
654
457
2812
300
789
1138
1041
3665
3158
3017
1223
552
2849
3550
2972
2905
1579
899
3777
1147
3431
2444
168
1161
725
108
2478
1282
3748
2348
2134
1144
3867
1048
1520
2741
3073
3257
246
3806
3512
3571
3137
879
2706
1811
1227
3942
806
1773
205
1931
3741
3784
2549
1052
3648
1783
464
3779
912
1304
3435
681
2769
2289
3778
697
3002
129
407
31
1215
3342
296
30
335
896
1275
2122
3317
2861
3984
369
1649
2506
1198
2198
836
1850
1160
3450
2304
165
516
2895
2238
1956
3490
2402
2773
3556
2708
602
2386
1619
1625
1128
3624
199
1673
3299
3699
721
2236
3134
228
123
2651
2314
1823
3672
3639
2666
3028
2062
178
2083
173
1237
2336
497
2817
680
550
1529
1706
1540
1879
731
1358
2541
567
2477
8
2833
1323
1332
2409
3199
1394
2946
2191
2078
1406
3698
2052
1005
3274
3882
3120
1246
2998
591
1947
2939
1214
704
607
2369
2637
3240
3443
467
2396
2292
316
3580
2910
116
1155
52
2024
3367
2936
1769
2448
3820
3965
2719
3050
353
1001
2346
212
1039
3230
1493
3954
13
387
1192
2359
800
2507
799
3900
821
2303
2917
2247
3862
3970
774
263
1591
1032
664
3981
3570
1388
3799
1272
1312
3139
1806
1056
164
2869
2450
890
265
1452
2846
1986
3092
1429
1824
3761
2866
1672
3677
3245
3632
2197
710
573
1899
3733
3774
3172
2326
3322
2327
809
508
331
2489
391
3235
708
714
447
1255
605
803
2027
3673
3220
3272
3905
3969
3854
224
1542
1541
3216
2834
1831
3904
894
1598
3065
2349
3657
88
61
839
3629
2625
2676
1827
2244
3706
3808
1456
3378
3038
1012
2845
1861
1808
3589
2149
951
3902
2499
2516
921
1027
3206
625
1318
3692
1224
639
2606
583
3500
54
3255
409
827
2897
931
2079
1615
643
2581
2177
3440
716
2305
1260
3618
1972
1987
2662
2133
3072
3633
2538
2784
2860
3298
2262
408
998
3619
3043
45
340
198
1480
3232
3516
2926
1457
2974
1933
2942
1567
3860
749
240
3801
2325
3427
3682
2886
2272
648
3680
606
191
3308
51
1386
537
1891
3693
2914
743
3125
3347
1612
1916
545
1737
1692
2425
11
3486
3263
1968
1482
3529
808
2447
2648
382
934
204
2099
2253
2307
3858
346
750
2765
2161
1179
3382
1944
1434
3013
1291
2406
3658
3966
2318
3909
1573
3379
3638
3114
3419
1097
3359
3267
850
3045
3846
2841
1701
2810
1196
416
2667
177
1473
3064
2170
3608
1786
3607
1190
3088
436
2058
3492
3350
180
2713
297
1216
3253
396
1614
3568
1752
491
3096
2912
3853
3681
3463
1164
424
761
694
1828
797
3465
1530
3497
946
3794
2535
849
3685
2297
2441
1592
2763
1117
779
1733
3407
3583
3150
3916
1939
569
3611
2780
574
3268
2417
1705
3334
2004
488
2347
3985
3816
3776
1236
439
468
575
661
1430
3507
2580
1585
3782
3053
976
3924
3131
2583
3897
1017
907
3469
1564
2762
3023
2766
2889
3683
3734
2280
1966
3185
3934
790
3208
3958
2163
3922
1774
112
742
3389
3247
1324
2081
845
10
2502
2545
3553
1538
34
3609
420
1150
114
3091
2529
3066
2007
495
1590
2709
2557
781
3129
3645
678
1389
3769
3381
1843
2712
1278
1686
